50
25
3313
1.000000
0.100000
45.052059
0.0000 27.2070 13.0780 39.1780 28.9330 33.1280 23.2170 22.7760 28.5250 39.0450 16.7830 26.2080 9.9470 23.5490 11.2270 6.3610 28.4030 30.5980 13.5740 42.1770 42.3700 14.4210 8.8410 35.5020 4.3940 38.8010 27.1810 13.9740 37.6100 40.4110 41.3180 24.3800 31.0680 22.3320 21.0560 21.7840 6.0270 10.0040 6.9640 16.9140 23.2920 17.4830 34.7970 22.5200 10.3090 26.5290 3.9570 14.3110 26.9360 39.7480 
27.2070 0.0000 40.0530 61.1920 49.5090 36.3330 47.7760 13.1330 25.0860 60.9230 31.1820 32.0150 36.7780 39.2430 29.3950 27.1630 41.2670 52.2980 22.4680 43.2610 61.4100 40.7490 36.0270 45.0080 29.9840 55.3180 35.4250 28.9090 35.4170 52.6620 60.0830 40.2480 34.2560 42.3000 46.2040 32.2450 32.4950 18.5560 33.7430 40.8140 31.8270 44.5590 47.4640 37.3650 24.7760 25.8050 24.5110 40.4390 1.2470 59.7370 
13.0780 40.0530 0.0000 34.4550 27.2480 41.2270 18.0120 35.5470 39.4200 34.4740 23.9930 34.5800 3.3020 27.3560 19.1040 13.9280 32.7560 27.4270 24.8640 49.9400 40.0080 3.0930 5.3780 40.3860 12.0940 38.8380 34.2740 22.2600 46.9900 43.0510 39.3010 27.8130 39.5070 23.0370 9.9630 29.2530 9.7650 22.9740 6.3120 15.1720 31.2300 7.2870 38.0140 27.2320 21.0250 37.0410 15.5870 9.5990 39.8640 36.8750 
39.1780 61.1920 34.4550 0.0000 11.7670 36.6690 16.6490 50.1000 44.3360 0.4620 30.2390 34.5460 36.0900 23.1060 32.0280 44.4550 24.1360 8.9290 38.7500 40.7380 8.5400 37.1380 33.1230 27.4790 34.8310 14.1370 31.1600 32.2920 43.8830 22.6960 8.9730 22.2360 36.7960 18.8970 41.2360 30.9850 33.3890 43.5110 37.2550 22.2650 32.4530 27.4420 22.2720 25.0080 36.6000 41.7420 43.1320 26.0500 60.3740 5.7510 
28.9330 49.5090 27.2480 11.7670 0.0000 26.6940 10.2400 38.3370 33.0710 11.4630 18.4760 23.4730 28.0030 11.5900 20.5930 34.7380 13.8400 3.4280 27.0440 32.4120 13.4600 30.2620 24.4620 19.3370 24.5430 11.7810 20.3700 20.6020 34.0190 17.9260 12.4820 10.8170 26.3970 7.2540 35.8330 19.4390 23.5940 32.1170 28.4220 12.6590 21.0570 21.3740 14.7060 13.4340 25.0830 30.4060 32.8100 17.7690 48.6680 10.8530 
33.1280 36.3330 41.2270 36.6690 26.6940 0.0000 33.0430 23.2590 11.5660 36.2390 17.2690 6.9220 39.6900 16.4580 22.5880 39.0330 12.8580 30.0840 20.6420 9.0510 32.4750 44.0270 36.0360 10.6610 30.6450 24.8140 7.2640 19.4590 7.3250 18.6660 31.0900 16.7490 2.2590 22.9110 51.1690 11.9760 32.1130 27.6130 37.9200 28.8980 10.0650 39.4770 15.2840 15.4260 22.9580 10.5380 35.1170 33.5160 35.1320 32.4630 
23.2170 47.7760 18.0120 16.6490 10.2400 33.0430 0.0000 38.5340 36.5080 16.6190 19.5300 28.0870 19.4570 16.5870 18.7020 28.0470 21.0390 9.5600 26.3150 40.1880 22.0770 20.8540 16.5030 27.9410 19.0550 21.9650 25.9150 20.2730 40.1340 27.9240 21.4570 16.3760 32.1340 10.1470 25.8630 22.8960 17.2330 29.3070 20.6360 6.9630 24.9440 11.4400 24.0000 17.7360 23.2000 33.7580 27.1530 9.4410 47.1460 18.8940 
22.7760 13.1330 35.5470 50.1000 38.3370 23.2590 38.5340 0.0000 12.3190 49.7850 19.9200 18.9600 32.6090 27.3270 19.9280 25.8090 28.6490 41.4050 12.2560 30.5880 49.3670 37.1760 30.5520 31.9320 23.7120 42.8650 22.4570 18.3640 23.0730 39.6810 48.0010 28.2980 21.1500 31.3850 43.7880 19.8160 26.2860 12.8250 29.7080 31.7420 19.0930 38.1340 34.6160 25.4010 15.7710 12.7210 21.9260 32.9400 11.9660 47.9950 
28.5250 25.0860 39.4200 44.3360 33.0710 11.5660 36.5080 12.3190 0.0000 43.9510 17.2190 9.8590 37.1120 21.5010 20.5890 33.4170 20.5670 36.4560 14.9660 18.2740 41.7340 41.7580 34.0460 21.5190 27.5070 34.4590 13.4680 17.6590 10.8720 29.5920 40.3290 22.2550 9.7650 27.2720 48.8770 13.8440 29.6640 20.3740 34.6870 30.6880 12.0360 39.7640 25.2760 19.7350 18.5690 2.7520 29.2970 33.8550 23.8600 41.0610 
39.0450 60.9230 34.4740 0.4620 11.4630 36.2390 16.6190 49.7850 43.9510 0.0000 29.9390 34.1540 36.0720 22.7520 31.7920 44.3600 23.7250 8.6980 38.4730 40.2820 8.1580 37.1770 33.0720 27.0260 34.6910 13.6760 30.7570 32.0170 43.4480 22.2340 8.5550 21.8750 36.3770 18.6230 41.3440 30.6280 33.2770 43.2850 37.2010 22.1370 32.0830 27.4910 21.8180 24.6580 36.3560 41.3640 42.9970 25.9990 60.0990 5.3150 
16.7830 31.1820 23.9930 30.2390 18.4760 17.2690 19.5300 19.9200 17.2190 29.9390 0.0000 10.5970 22.4300 8.3510 5.6000 23.0710 12.1050 21.4900 8.8030 26.1290 30.3220 26.7620 18.7700 18.7910 13.6410 24.7910 10.6060 3.0480 23.1090 24.4190 29.0250 9.3590 15.5130 11.4670 33.9150 5.3130 14.8870 15.0660 20.7720 13.4710 7.2370 22.9640 18.7410 6.6770 8.1080 14.5070 19.6010 16.9600 30.2920 28.5570 
26.2080 32.0150 34.5800 34.5460 23.4730 6.9220 28.0870 18.9600 9.8590 34.1540 10.5970 0.0000 32.9130 12.0700 15.7390 32.1430 10.7200 26.8900 13.9780 15.9690 31.9210 37.3160 29.3240 12.9940 23.7620 24.7650 3.6970 12.5840 12.5830 20.7420 30.5170 12.7040 4.9570 18.2690 44.4840 5.5110 25.3070 21.0930 31.0620 23.1280 3.4080 33.3240 15.8780 10.5020 16.0690 7.4550 28.2580 27.3160 30.8840 31.2020 
9.9470 36.7780 3.3020 36.0900 28.0030 39.6900 19.4570 32.6090 37.1120 36.0720 22.4300 32.9130 0.0000 26.7130 17.2130 10.7050 32.0790 28.5700 22.3370 48.5460 41.1120 4.6690 3.8960 39.6690 9.6050 39.3300 32.9290 20.3930 45.1440 42.9290 40.3120 27.2750 37.8670 23.0620 11.7720 27.7410 7.6260 19.9240 3.0440 15.4790 29.6310 9.7870 37.6950 26.3610 18.5700 34.8280 12.2940 10.2900 36.6060 38.0750 
23.5490 39.2430 27.3560 23.1060 11.5900 16.4580 16.5870 27.3270 21.5010 22.7520 8.3510 12.0700 26.7130 0.0000 12.7270 29.8980 5.4000 14.9570 17.0870 23.8810 22.1710 30.3980 22.8190 13.0300 19.6420 16.4410 9.4080 11.2220 23.6000 16.8650 20.8400 1.0130 15.6420 6.4560 37.1860 7.8820 19.9680 23.3710 25.8580 13.1290 9.4720 24.0490 11.2870 1.9290 16.3010 18.8230 26.8850 18.4080 38.2980 20.6680 
11.2270 29.3950 19.1040 32.0280 20.5930 22.5880 18.7020 19.9280 20.5890 31.7920 5.6000 15.7390 17.2130 12.7270 0.0000 17.5550 17.2780 23.0990 7.6720 31.5510 33.4650 21.7000 13.7520 24.2770 8.0900 28.7920 16.1630 3.1800 27.9440 29.4530 32.2620 13.6470 20.6950 13.3610 28.8850 10.7960 9.5890 11.5250 15.3320 11.8300 12.5360 19.2830 23.7910 11.4670 4.6200 18.0810 14.2530 13.5340 28.6740 31.2890 
6.3610 27.1630 13.9280 44.4550 34.7380 39.0330 28.0470 25.8090 33.4170 44.3600 23.0710 32.1430 10.7050 29.8980 17.5550 0.0000 34.7630 36.1310 18.8040 48.0780 48.1970 13.8810 11.8910 41.8300 10.4330 44.9610 33.3470 20.1930 43.0740 46.7630 47.1990 30.7200 36.9130 28.3990 19.0570 27.9630 11.1670 13.3510 8.0830 22.3300 29.3680 20.1930 41.1550 28.8810 16.0760 31.6840 4.1200 18.6780 27.1830 45.4560 
28.4030 41.2670 32.7560 24.1360 13.8400 12.8580 21.0390 28.6490 20.5670 23.7250 12.1050 10.7200 32.0790 5.4000 17.2780 34.7630 0.0000 17.2260 20.0980 19.1600 21.2180 35.7970 28.1880 7.6300 24.6920 14.2560 7.1230 15.1520 20.1830 12.3230 19.8160 5.0440 12.7040 11.0530 42.5810 9.0600 25.2060 26.9460 31.1360 18.3830 9.5650 29.3110 6.6570 5.9070 20.1830 18.1570 31.5270 23.7590 40.2270 20.5100 
30.5980 52.2980 27.4270 8.9290 3.4280 30.0840 9.5600 41.4050 36.4560 8.6980 21.4900 26.8900 28.5700 14.9570 23.0990 36.1310 17.2260 0.0000 29.8830 35.5980 12.5820 30.3380 25.2620 22.4060 26.2150 12.9840 23.7980 23.4210 37.4090 20.1610 11.9040 14.2140 29.8170 10.0500 35.4060 22.7670 24.9740 34.5870 29.3390 13.8010 24.4290 21.0000 17.5720 16.7690 27.6730 33.7790 34.5320 18.2910 51.4940 9.5050 
13.5740 22.4680 24.8640 38.7500 27.0440 20.6420 26.3150 12.2560 14.9660 38.4730 8.8030 13.9780 22.3370 17.0870 7.6720 18.8040 20.0980 29.8830 0.0000 29.5910 39.1240 27.0050 19.5610 25.6650 12.7830 33.4800 16.1030 6.4630 24.2700 32.2950 37.8270 18.1000 18.4350 19.8540 34.0510 11.3070 15.1430 7.1860 19.7900 19.4900 11.9110 26.3690 26.7060 15.3030 3.8750 12.9720 14.7410 20.9000 21.6260 37.3220 
42.1770 43.2610 49.9400 40.7380 32.4120 9.0510 40.1880 30.5880 18.2740 40.2820 26.1290 15.9690 48.5460 23.8810 31.5510 48.0780 19.1600 35.5980 29.5910 0.0000 34.9310 52.8010 44.8320 13.3230 39.6300 27.2710 15.6660 28.4500 8.1430 19.2670 33.6560 23.9030 11.1770 30.1180 59.9010 20.8160 41.0140 36.4470 46.8700 36.8830 19.0180 47.6950 18.4880 23.2850 32.0040 18.2760 44.1470 41.8310 42.0230 35.7530 
42.3700 61.4100 40.0080 8.5400 13.4600 32.4750 22.0770 49.3670 41.7340 8.1580 30.3220 31.9210 41.1120 22.1710 33.4650 48.1970 21.2180 12.5820 39.1240 34.9310 0.0000 42.9090 37.7180 22.2520 37.9840 7.7450 28.2680 32.9040 39.3090 15.8650 1.4060 21.1690 33.0890 20.2520 47.7920 29.5730 37.0480 44.8820 41.7470 26.0240 30.5760 33.4850 17.2240 24.0640 37.7440 39.3700 46.2250 30.8220 60.4680 3.3190 
14.4210 40.7490 3.0930 37.1380 30.2620 44.0270 20.8540 37.1760 41.7580 37.1770 26.7620 37.3160 4.6690 30.3980 21.7000 13.8810 35.7970 30.3380 27.0050 52.8010 42.9090 0.0000 7.9940 43.4250 14.2580 41.8880 37.1430 24.8760 49.6420 46.1440 42.2320 30.8720 42.2590 26.1290 7.1850 32.0520 12.1650 24.4250 7.4680 18.2610 33.9940 9.7200 41.0990 30.2310 23.2310 39.4520 16.2800 12.6770 40.6530 39.7460 
8.8410 36.0270 5.3780 33.1230 24.4620 36.0360 16.5030 30.5520 34.0460 33.0720 18.7700 29.3240 3.8960 22.8190 13.7520 11.8910 28.1880 25.2620 19.5610 44.8320 37.7180 7.9940 0.0000 35.7830 6.8740 35.6290 29.1850 16.9190 41.6750 39.0600 36.8640 23.3790 34.2660 19.2510 15.1630 24.0640 4.4200 18.2510 4.1340 11.8310 26.0000 8.6950 33.8060 22.4860 15.7030 31.6620 12.1620 7.0730 35.7250 34.7560 
35.5020 45.0080 40.3860 27.4790 19.3370 10.6610 27.9410 31.9320 21.5190 27.0260 18.7910 12.9940 39.6690 13.0300 24.2770 41.8300 7.6300 22.4060 25.6650 13.3230 22.2520 43.4250 35.7830 0.0000 32.0000 14.5080 9.7710 21.7670 17.0960 8.0890 20.9040 12.6300 11.8710 18.3350 50.2080 14.4300 32.6800 32.8050 38.6360 25.9230 13.8460 36.8290 5.2130 13.3410 26.5440 19.7710 38.3880 31.3580 43.8730 22.6860 
4.3940 29.9840 12.0940 34.8310 24.5430 30.6450 19.0550 23.7120 27.5070 34.6910 13.6410 23.7620 9.6050 19.6420 8.0900 10.4330 24.6920 26.2150 12.7830 39.6300 37.9840 14.2580 6.8740 32.0000 0.0000 34.5340 24.2390 11.1860 35.7450 36.4840 36.9400 20.4180 28.7090 18.0030 21.3720 18.8840 2.6040 11.6920 7.3410 12.5820 20.6120 14.7280 30.9290 18.7860 8.9760 25.2380 8.3170 10.5730 29.5670 35.3540 
38.8010 55.3180 38.8380 14.1370 11.7810 24.8140 21.9650 42.8650 34.4590 13.6760 24.7910 24.7650 39.3300 16.4410 28.7920 44.9610 14.2560 12.9840 33.4800 27.2710 7.7450 41.8880 35.6290 14.5080 34.5340 0.0000 21.0710 27.6370 31.5790 8.5740 6.4130 15.4360 25.5340 16.6120 47.6010 23.1040 34.0920 39.7900 39.4070 23.8520 23.8120 33.1490 9.5310 18.1770 32.6820 32.2100 42.4630 29.2650 54.3120 8.6480 
27.1810 35.4250 34.2740 31.1600 20.3700 7.2640 25.9150 22.4570 13.4680 30.7570 10.6060 3.6970 32.9290 9.4080 16.1630 33.3470 7.1230 23.7980 16.1030 15.6660 28.2680 37.1430 29.1850 9.7710 24.2390 21.0710 0.0000 13.2130 14.2190 17.2390 26.8630 9.8490 6.2350 15.8410 44.2360 5.3980 25.4540 23.2870 31.3680 21.6350 4.1940 32.2500 12.2240 8.2060 17.4870 11.1400 29.6410 26.3110 34.3170 27.6330 
13.9740 28.9090 22.2600 32.2920 20.6020 19.4590 20.2730 18.3640 17.6590 32.0170 3.0480 12.5840 20.3930 11.2220 3.1800 20.1930 15.1520 23.4210 6.4630 28.4500 32.9040 24.8760 16.9190 21.7670 11.1860 27.6370 13.2130 0.0000 24.7660 27.4640 31.6370 12.2150 17.5370 13.3950 32.0610 7.8150 12.7680 12.1540 18.4780 13.6900 9.4360 22.1050 21.7860 9.6490 5.0960 15.0830 16.6310 16.2210 28.0820 30.9830 
37.6100 35.4170 46.9900 43.8830 34.0190 7.3250 40.1340 23.0730 10.8720 43.4480 23.1090 12.5830 45.1440 23.6000 27.9440 43.0740 20.1830 37.4090 24.2700 8.1430 39.3090 49.6420 41.6750 17.0960 35.7450 31.5790 14.2190 24.7660 0.0000 24.6300 37.9460 23.9620 8.0130 30.0500 56.8260 18.0910 37.5200 30.5700 43.0860 35.6070 15.9900 45.9060 22.1010 22.4110 27.3070 11.6490 39.0050 39.8980 34.1730 39.5120 
40.4110 52.6620 43.0510 22.6960 17.9260 18.6660 27.9240 39.6810 29.5920 22.2340 24.4190 20.7420 42.9290 16.8650 29.4530 46.7630 12.3230 20.1610 32.2950 19.2670 15.8650 46.1440 39.0600 8.0890 36.4840 8.5740 17.2390 27.4640 24.6300 0.0000 14.6800 16.0660 19.9580 20.0180 52.4610 21.0380 36.6490 39.2360 42.4200 27.9220 20.9710 38.3140 5.6790 17.9860 32.5060 27.7700 43.6900 33.5420 51.5560 17.2080 
41.3180 60.0830 39.3010 8.9730 12.4820 31.0900 21.4570 48.0010 40.3290 8.5550 29.0250 30.5170 40.3120 20.8400 32.2620 47.1990 19.8160 11.9040 37.8270 33.6560 1.4060 42.2320 36.8640 20.9040 36.9400 6.4130 26.8630 31.6370 37.9460 14.6800 0.0000 19.8350 31.6910 19.1160 47.2620 28.2000 36.0690 43.6480 40.8660 25.1140 29.1860 32.8930 15.8510 22.7250 36.5050 37.9670 45.1530 30.0250 59.1350 3.3080 
24.3800 40.2480 27.8130 22.2360 10.8170 16.7490 16.3760 28.2980 22.2550 21.8750 9.3590 12.7040 27.2750 1.0130 13.6470 30.7200 5.0440 14.2140 18.1000 23.9030 21.1690 30.8720 23.3790 12.6300 20.4180 15.4360 9.8490 12.2150 23.9620 16.0660 19.8350 0.0000 16.0580 6.2380 37.5930 8.7580 20.6550 24.3670 26.5090 13.3400 10.2560 24.2690 10.5470 2.9020 17.2860 19.5980 27.7610 18.7290 39.3000 19.6990 
31.0680 34.2560 39.5070 36.7960 26.3970 2.2590 32.1340 21.1500 9.7650 36.3770 15.5130 4.9570 37.8670 15.6420 20.6950 36.9130 12.7040 29.8170 18.4350 11.1770 33.0890 42.2590 34.2660 11.8710 28.7090 25.5340 6.2350 17.5370 8.0130 19.9580 31.6910 16.0580 0.0000 22.0760 49.4220 10.3020 30.2630 25.3760 36.0150 27.6340 8.2780 38.0470 16.0750 14.4030 20.8470 8.4560 32.9710 32.0540 33.0640 32.8530 
22.3320 42.3000 23.0370 18.8970 7.2540 22.9110 10.1470 31.3850 27.2720 18.6230 11.4670 18.2690 23.0620 6.4560 13.3610 28.3990 11.0530 10.0500 19.8540 30.1180 20.2520 26.1290 19.2510 18.3350 18.0030 16.6120 15.8410 13.3950 30.0500 20.0180 19.1160 6.2380 22.0760 0.0000 32.4940 13.4300 17.4800 24.8800 22.8830 7.9180 15.3380 18.6120 15.1460 7.7730 17.8300 24.5340 26.1030 13.5350 41.4770 17.9450 
21.0560 46.2040 9.9630 41.2360 35.8330 51.1690 25.8630 43.7880 48.8770 41.3440 33.9150 44.4840 11.7720 37.1860 28.8850 19.0570 42.5810 35.4060 34.0510 59.9010 47.7920 7.1850 15.1630 50.2080 21.3720 47.6010 44.2360 32.0610 56.8260 52.4610 47.2620 37.5930 49.4220 32.4940 0.0000 39.1930 19.3440 30.9660 14.2930 24.5780 41.1510 14.4670 47.6090 37.1430 30.3200 46.6000 22.2300 18.9750 46.2400 44.5300 
21.7840 32.2450 29.2530 30.9850 19.4390 11.9760 22.8960 19.8160 13.8440 30.6280 5.3130 5.5110 27.7410 7.8820 10.7960 27.9630 9.0600 22.7670 11.3070 20.8160 29.5730 32.0520 24.0640 14.4300 18.8840 23.1040 5.3980 7.8150 18.0910 21.0380 28.2000 8.7580 10.3020 13.4300 39.1930 0.0000 20.1980 18.3940 26.0690 17.6650 2.1220 27.8150 15.5180 6.0050 12.2100 11.1110 24.2940 21.8080 31.2220 28.3440 
6.0270 32.4950 9.7650 33.3890 23.5940 32.1130 17.2330 26.2860 29.6640 33.2770 14.8870 25.3070 7.6260 19.9680 9.5890 11.1670 25.2060 24.9740 15.1430 41.0140 37.0480 12.1650 4.4200 32.6800 2.6040 34.0920 25.4540 12.7680 37.5200 36.6490 36.0690 20.6550 30.2630 17.4800 19.3440 20.1980 0.0000 14.2830 5.9700 11.1780 22.0490 12.1410 31.2000 19.3480 11.2840 27.3120 9.9280 8.3100 32.1020 34.2900 
10.0040 18.5560 22.9740 43.5110 32.1170 27.6130 29.3070 12.8250 20.3740 43.2850 15.0660 21.0930 19.9240 23.3710 11.5250 13.3510 26.9460 34.5870 7.1860 36.4470 44.8820 24.4250 18.2510 32.8050 11.6920 39.7900 23.2870 12.1540 30.5700 39.2360 43.6480 24.3670 25.3760 24.8800 30.9660 18.3940 14.2830 0.0000 16.9650 22.3630 19.0930 26.4200 33.5970 21.7430 7.1460 18.9460 9.2970 21.9440 18.0300 42.7850 
6.9640 33.7430 6.3120 37.2550 28.4220 37.9200 20.6360 29.7080 34.6870 37.2010 20.7720 31.0620 3.0440 25.8580 15.3320 8.0830 31.1360 29.3390 19.7900 46.8700 41.7470 7.4680 4.1340 38.6360 7.3410 39.4070 31.3680 18.4780 43.0860 42.4200 40.8660 26.5090 36.0150 22.8830 14.2930 26.0690 5.9700 16.9650 0.0000 15.7630 27.8640 12.1100 37.0360 25.2980 16.1220 32.4900 9.2800 11.2050 33.5640 38.8180 
16.9140 40.8140 15.1720 22.2650 12.6590 28.8980 6.9630 31.7420 30.6880 22.1370 13.4710 23.1280 15.4790 13.1290 11.8300 22.3300 18.3830 13.8010 19.4900 36.8830 26.0240 18.2610 11.8310 25.9230 12.5820 23.8520 21.6350 13.6900 35.6070 27.9220 25.1140 13.3400 27.6340 7.9180 24.5780 17.6650 11.1780 22.3630 15.7630 0.0000 19.7850 10.9300 23.0400 13.6060 16.2670 27.9700 20.8690 5.6200 40.1820 23.1750 
23.2920 31.8270 31.2300 32.4530 21.0570 10.0650 24.9440 19.0930 12.0360 32.0830 7.2370 3.4080 29.6310 9.4720 12.5360 29.3680 9.5650 24.4290 11.9110 19.0180 30.5760 33.9940 26.0000 13.8460 20.6120 23.8120 4.1940 9.4360 15.9900 20.9710 29.1860 10.2560 8.2780 15.3380 41.1510 2.1220 22.0490 19.0930 27.8640 19.7850 0.0000 29.9200 15.6450 7.7030 13.3940 9.3500 25.5910 23.9100 30.7590 29.5390 
17.4830 44.5590 7.2870 27.4420 21.3740 39.4770 11.4400 38.1340 39.7640 27.4910 22.9640 33.3240 9.7870 24.0490 19.2830 20.1930 29.3110 21.0000 26.3690 47.6950 33.4850 9.7200 8.6950 36.8290 14.7280 33.1490 32.2500 22.1050 45.9060 38.3140 32.8930 24.2690 38.0470 18.6120 14.4670 27.8150 12.1410 26.4200 12.1100 10.9300 29.9200 0.0000 33.7260 24.4200 22.5470 37.1660 20.8500 6.0130 44.2030 30.2660 
34.7970 47.4640 38.0140 22.2720 14.7060 15.2840 24.0000 34.6160 25.2760 21.8180 18.7410 15.8780 37.6950 11.2870 23.7910 41.1550 6.6570 17.5720 26.7060 18.4880 17.2240 41.0990 33.8060 5.2130 30.9290 9.5310 12.2240 21.7860 22.1010 5.6790 15.8510 10.5470 16.0750 15.1460 47.6090 15.5180 31.2000 33.5970 37.0360 23.0400 15.6450 33.7260 0.0000 12.3240 26.8330 23.1950 38.0370 28.6350 46.3860 17.5000 
22.5200 37.3650 27.2320 25.0080 13.4340 15.4260 17.7360 25.4010 19.7350 24.6580 6.6770 10.5020 26.3610 1.9290 11.4670 28.8810 5.9070 16.7690 15.3030 23.2850 24.0640 30.2310 22.4860 13.3410 18.7860 18.1770 8.2060 9.6490 22.4110 17.9860 22.7250 2.9020 14.4030 7.7730 37.1430 6.0050 19.3480 21.7430 25.2980 13.6060 7.7030 24.4200 12.3240 0.0000 14.7450 17.0330 25.7130 18.6150 36.4100 22.5940 
10.3090 24.7760 21.0250 36.6000 25.0830 22.9580 23.2000 15.7710 18.5690 36.3560 8.1080 16.0690 18.5700 16.3010 4.6200 16.0760 20.1830 27.6730 3.8750 32.0040 37.7440 23.2310 15.7030 26.5440 8.9760 32.6820 17.4870 5.0960 27.3070 32.5060 36.5050 17.2860 20.8470 17.8300 30.3200 12.2100 11.2840 7.1460 16.1220 16.2670 13.3940 22.5470 26.8330 14.7450 0.0000 16.3880 12.2100 17.1850 24.0630 35.6840 
26.5290 25.8050 37.0410 41.7420 30.4060 10.5380 33.7580 12.7210 2.7520 41.3640 14.5070 7.4550 34.8280 18.8230 18.0810 31.6840 18.1570 33.7790 12.9720 18.2760 39.3700 39.4520 31.6620 19.7710 25.2380 32.2100 11.1400 15.0830 11.6490 27.7700 37.9670 19.5980 8.4560 24.5340 46.6000 11.1110 27.3120 18.9460 32.4900 27.9700 9.3500 37.1660 23.1950 17.0330 16.3880 0.0000 27.5800 31.2320 24.6110 38.5910 
3.9570 24.5110 15.5870 43.1320 32.8100 35.1170 27.1530 21.9260 29.2970 42.9970 19.6010 28.2580 12.2940 26.8850 14.2530 4.1200 31.5270 34.5320 14.7410 44.1470 46.2250 16.2800 12.1620 38.3880 8.3170 42.4630 29.6410 16.6310 39.0050 43.6900 45.1530 27.7610 32.9710 26.1030 22.2300 24.2940 9.9280 9.2970 9.2800 20.8690 25.5910 20.8500 38.0370 25.7130 12.2100 27.5800 0.0000 18.1420 24.3820 43.6410 
14.3110 40.4390 9.5990 26.0500 17.7690 33.5160 9.4410 32.9400 33.8550 25.9990 16.9600 27.3160 10.2900 18.4080 13.5340 18.6780 23.7590 18.2910 20.9000 41.8310 30.8220 12.6770 7.0730 31.3580 10.5730 29.2650 26.3110 16.2210 39.8980 33.5420 30.0250 18.7290 32.0540 13.5350 18.9750 21.8080 8.3100 21.9440 11.2050 5.6200 23.9100 6.0130 28.6350 18.6150 17.1850 31.2320 18.1420 0.0000 39.9630 27.7970 
26.9360 1.2470 39.8640 60.3740 48.6680 35.1320 47.1460 11.9660 23.8600 60.0990 30.2920 30.8840 36.6060 38.2980 28.6740 27.1830 40.2270 51.4940 21.6260 42.0230 60.4680 40.6530 35.7250 43.8730 29.5670 54.3120 34.3170 28.0820 34.1730 51.5560 59.1350 39.3000 33.0640 41.4770 46.2400 31.2220 32.1020 18.0300 33.5640 40.1820 30.7590 44.2030 46.3860 36.4100 24.0630 24.6110 24.3820 39.9630 0.0000 58.8350 
39.7480 59.7370 36.8750 5.7510 10.8530 32.4630 18.8940 47.9950 41.0610 5.3150 28.5570 31.2020 38.0750 20.6680 31.2890 45.4560 20.5100 9.5050 37.3220 35.7530 3.3190 39.7460 34.7560 22.6860 35.3540 8.6480 27.6330 30.9830 39.5120 17.2080 3.3080 19.6990 32.8530 17.9450 44.5300 28.3440 34.2900 42.7850 38.8180 23.1750 29.5390 30.2660 17.5000 22.5940 35.6840 38.5910 43.6410 27.7970 58.8350 0.0000 
434.4130 812.7740 475.0590 559.9420 52.0320 983.2810 104.6170 617.6440 475.2840 36.0810 554.3810 89.7330 442.0440 414.7220 847.1500 364.9710 915.8040 747.3250 990.6860 593.6670 992.2860 210.5840 262.5110 460.4460 812.3940 
502.9070 1167.7930 850.6200 562.7260 359.4690 1107.9990 181.7190 805.6790 887.9170 186.6320 621.8920 141.5430 931.7400 696.5060 1050.5870 556.6620 1039.9330 803.8670 1373.3770 735.4550 1392.2680 516.6330 623.8150 854.1430 1236.0590 
0 1 0 1 0 1 1 1 1 1 0 1 1 1 1 1 0 1 0 0 1 1 1 1 1 1 1 0 1 0 1 0 1 1 1 1 0 1 0 1 1 0 1 1 1 1 0 0 0 0 
0 1 0 0 1 1 0 1 0 0 0 0 1 1 0 1 0 1 0 0 0 1 0 1 0 0 1 1 0 0 1 0 1 0 1 0 1 1 1 1 1 0 0 1 0 0 1 0 1 0 
1 0 0 0 1 0 1 0 0 1 0 1 1 0 0 1 0 1 0 0 0 0 0 0 0 1 1 0 0 0 1 1 1 0 1 0 1 0 0 0 1 0 0 1 1 1 1 0 0 1 
1 1 1 1 0 1 1 1 1 0 1 0 0 1 1 1 1 1 1 1 1 1 0 1 0 0 0 1 1 1 1 0 1 1 1 1 1 1 1 1 1 1 1 1 1 0 1 1 0 1 
0 0 0 0 0 0 0 0 0 0 0 0 0 0 0 0 0 0 0 0 0 1 0 0 0 0 0 0 0 0 0 0 0 0 0 0 0 1 0 0 0 0 0 0 0 0 0 0 0 0 
1 1 1 1 1 0 1 1 1 0 0 1 1 1 1 0 1 1 0 1 1 0 1 1 1 1 0 1 1 1 1 1 1 1 1 1 1 1 0 1 0 1 0 1 1 1 1 1 1 1 
0 0 1 0 0 1 0 0 0 0 0 1 1 0 1 1 1 0 1 1 0 0 1 1 1 1 0 0 0 1 0 1 0 1 0 1 0 0 0 1 0 0 0 0 0 1 1 0 0 0 
1 1 0 1 1 1 0 0 1 1 0 1 1 1 1 1 0 1 0 1 1 1 0 1 0 0 0 1 0 1 1 1 1 1 1 1 0 0 1 0 1 1 0 0 1 1 0 1 0 1 
0 0 0 0 0 0 1 1 1 1 1 1 1 0 0 0 0 0 0 1 0 0 0 1 0 1 1 1 0 0 0 0 0 0 1 0 0 0 1 0 0 0 1 0 1 0 1 0 0 0 
0 0 0 0 0 1 0 0 0 0 0 0 0 0 0 0 0 0 0 0 1 0 0 0 0 1 0 0 0 0 0 0 0 0 0 1 0 0 0 0 0 0 0 0 0 0 0 0 0 0 
1 1 1 1 0 1 0 0 1 1 1 1 1 0 1 1 1 1 1 0 0 1 1 1 1 1 0 0 0 0 1 0 0 1 0 1 1 1 0 1 1 1 1 1 1 1 1 1 0 1 
0 1 0 1 0 1 1 0 0 1 1 0 0 1 0 0 1 0 0 1 0 0 0 1 0 0 0 0 1 1 1 1 0 1 0 1 1 1 0 0 0 0 0 0 1 1 1 0 1 1 
0 1 1 1 1 0 1 0 0 1 0 0 0 0 0 0 0 1 1 0 0 0 1 1 1 1 0 0 1 0 0 0 0 0 0 0 0 0 0 0 0 1 1 1 0 0 0 0 0 0 
1 1 1 1 0 1 1 0 1 1 1 0 0 1 0 1 0 0 1 1 1 1 0 1 0 0 0 1 0 0 0 1 0 1 0 1 0 0 1 1 0 1 0 0 1 0 1 1 1 1 
0 1 0 1 1 0 1 0 0 1 1 0 1 1 1 0 1 1 0 1 0 1 1 1 1 1 1 1 1 1 1 0 1 0 1 1 1 1 0 1 1 1 1 1 1 1 1 0 0 0 
1 1 0 1 0 0 0 1 0 0 1 0 0 1 1 1 1 1 1 0 0 0 1 1 1 0 1 0 1 1 1 0 1 1 0 0 1 0 1 0 1 0 1 0 1 1 0 0 1 0 
1 0 1 1 0 0 0 1 1 0 0 1 1 1 1 0 1 1 1 1 1 0 1 0 1 1 1 1 1 0 0 1 0 1 1 1 1 1 1 1 0 1 0 0 0 0 0 0 1 1 
1 1 1 1 1 1 0 1 0 0 0 0 0 1 1 1 0 1 0 0 1 1 0 1 1 1 1 1 1 1 1 1 1 1 1 1 1 0 1 1 1 1 1 1 1 1 0 1 0 1 
1 0 0 0 0 0 1 0 1 0 1 1 1 0 0 0 0 1 0 1 1 1 0 1 1 1 0 1 0 1 1 1 0 1 0 0 0 1 1 1 1 1 1 0 1 1 1 0 0 1 
1 1 1 0 0 1 0 1 1 0 0 1 1 1 1 1 1 0 0 1 0 0 0 0 1 1 1 0 0 1 1 1 0 1 0 0 0 1 0 1 1 1 0 1 1 0 0 1 0 1 
1 0 0 1 0 1 1 1 1 0 0 1 0 0 0 0 1 0 1 1 0 1 0 1 1 0 1 1 1 1 1 0 0 1 1 0 0 0 1 0 0 0 0 0 1 0 0 0 0 1 
0 0 0 0 0 1 0 0 0 1 1 0 1 1 0 0 1 0 0 1 0 1 1 0 0 1 0 0 0 0 0 0 0 1 0 1 0 0 0 1 0 0 1 0 0 0 0 1 0 1 
1 0 0 0 0 1 1 0 0 1 1 0 1 0 0 1 0 0 0 0 0 1 0 0 1 0 0 0 0 1 0 0 1 0 0 1 1 1 0 1 0 0 0 0 1 0 1 1 1 1 
0 0 0 0 0 0 0 0 0 1 0 0 1 0 1 0 1 0 0 0 1 0 1 0 1 0 1 1 0 1 0 0 1 0 0 1 0 0 0 0 1 0 1 1 1 0 0 0 1 0 
1 1 1 0 1 1 1 1 0 1 0 0 0 1 1 1 0 1 0 1 1 1 1 1 0 0 1 0 0 1 1 1 1 0 1 0 0 1 0 1 0 1 0 1 0 1 1 0 1 0 
